E:\ana\python.exe E:\PythonProject\OPT2_HW2\convex.py 
加载数据...
用户数: 138,493 | 电影数: 26,744 | 评分总数: 20,000,263
开始 5 折交叉验证...
搜索λ值: [100, 50, 10]
用户数: 138,493, 电影数: 26,744

==================================================
λ = 100.0 (1/3)
==================================================
Fold 进度:   0%|          | 0/5 [00:00<?, ?it/s]
  0%|          | 0/100 [00:00<?, ?it/s]
 Fold 1/5:
  训练集: 16,000,210 样本
  验证集: 4,000,053 样本
 Soft-Impute 训练 | λ = 100.0000 | 最大秩 = 50 | 容差 = 0.0001
--------------------------------------------------------------------------------
  迭代 |    秩 |      拟合损失 (Fit Loss) |      目标函数 (Obj Func) |     训练RMSE |   耗时 (s)
--------------------------------------------------------------------------------
   1 |    1 |           6.0975e+05 |           6.0989e+05 |     0.2761 |      7.2

   2 |    1 |           6.0960e+05 |           6.0984e+05 |     0.2760 |      6.3

   3 |    1 |           6.0951e+05 |           6.0981e+05 |     0.2760 |      7.4

   4 |    1 |           6.0944e+05 |           6.0979e+05 |     0.2760 |      8.2

   5 |    1 |           6.0940e+05 |           6.0977e+05 |     0.2760 |      7.4
--------------------------------------------------------------------------------
 第 5 轮收敛 (损失变化 < 0.0001)

                                               
 Fold 1 结果:
  RMSE: 0.8704
  秩: 1
  迭代次数: 5
  训练时间: 36.7s
  总时间: 36.9s
Fold 进度:  20%|██        | 1/5 [00:38<02:33, 38.45s/it]
  0%|          | 0/100 [00:00<?, ?it/s]
 Fold 2/5:
  训练集: 16,000,210 样本
  验证集: 4,000,053 样本
 Soft-Impute 训练 | λ = 100.0000 | 最大秩 = 50 | 容差 = 0.0001
--------------------------------------------------------------------------------
  迭代 |    秩 |      拟合损失 (Fit Loss) |      目标函数 (Obj Func) |     训练RMSE |   耗时 (s)
--------------------------------------------------------------------------------
   1 |    1 |           6.0887e+05 |           6.0900e+05 |     0.2759 |      7.4

   2 |    1 |           6.0875e+05 |           6.0896e+05 |     0.2758 |      8.6

   3 |    1 |           6.0866e+05 |           6.0893e+05 |     0.2758 |      8.4

   4 |    1 |           6.0860e+05 |           6.0891e+05 |     0.2758 |      8.6
--------------------------------------------------------------------------------
 第 4 轮收敛 (损失变化 < 0.0001)

                                               
 Fold 2 结果:
  RMSE: 0.8705
  秩: 1
  迭代次数: 4
  训练时间: 33.2s
  总时间: 33.4s
Fold 进度:  40%|████      | 2/5 [01:12<01:46, 35.57s/it]
  0%|          | 0/100 [00:00<?, ?it/s]
 Fold 3/5:
  训练集: 16,000,210 样本
  验证集: 4,000,053 样本
 Soft-Impute 训练 | λ = 100.0000 | 最大秩 = 50 | 容差 = 0.0001
--------------------------------------------------------------------------------
  迭代 |    秩 |      拟合损失 (Fit Loss) |      目标函数 (Obj Func) |     训练RMSE |   耗时 (s)
--------------------------------------------------------------------------------
   1 |    1 |           6.0968e+05 |           6.0981e+05 |     0.2761 |      7.1

   2 |    1 |           6.0955e+05 |           6.0977e+05 |     0.2760 |      6.7

   3 |    1 |           6.0946e+05 |           6.0974e+05 |     0.2760 |      6.2

   4 |    1 |           6.0940e+05 |           6.0972e+05 |     0.2760 |      6.2

   5 |    1 |           6.0935e+05 |           6.0971e+05 |     0.2760 |      6.5

                                               --------------------------------------------------------------------------------
 第 5 轮收敛 (损失变化 < 0.0001)

 Fold 3 结果:
  RMSE: 0.8697
  秩: 1
  迭代次数: 5
  训练时间: 32.9s
  总时间: 33.1s
Fold 进度:  60%|██████    | 3/5 [01:45<01:09, 34.54s/it]
  0%|          | 0/100 [00:00<?, ?it/s]
 Fold 4/5:
  训练集: 16,000,211 样本
  验证集: 4,000,052 样本
 Soft-Impute 训练 | λ = 100.0000 | 最大秩 = 50 | 容差 = 0.0001
--------------------------------------------------------------------------------
  迭代 |    秩 |      拟合损失 (Fit Loss) |      目标函数 (Obj Func) |     训练RMSE |   耗时 (s)
--------------------------------------------------------------------------------
   1 |    1 |           6.0909e+05 |           6.0924e+05 |     0.2759 |      7.9

   2 |    1 |           6.0894e+05 |           6.0919e+05 |     0.2759 |      8.4

   3 |    1 |           6.0884e+05 |           6.0916e+05 |     0.2759 |      8.4

   4 |    1 |           6.0877e+05 |           6.0914e+05 |     0.2759 |      7.7

   5 |    1 |           6.0872e+05 |           6.0912e+05 |     0.2758 |      7.7
--------------------------------------------------------------------------------
 第 5 轮收敛 (损失变化 < 0.0001)

                                               
 Fold 4 结果:
  RMSE: 0.8706
  秩: 1
  迭代次数: 5
  训练时间: 40.4s
  总时间: 40.6s
Fold 进度:  80%|████████  | 4/5 [02:26<00:36, 36.99s/it]
  0%|          | 0/100 [00:00<?, ?it/s]
 Fold 5/5:
  训练集: 16,000,211 样本
  验证集: 4,000,052 样本
 Soft-Impute 训练 | λ = 100.0000 | 最大秩 = 50 | 容差 = 0.0001
--------------------------------------------------------------------------------
  迭代 |    秩 |      拟合损失 (Fit Loss) |      目标函数 (Obj Func) |     训练RMSE |   耗时 (s)
--------------------------------------------------------------------------------
   1 |    1 |           6.0883e+05 |           6.0898e+05 |     0.2759 |      7.3

   2 |    1 |           6.0867e+05 |           6.0893e+05 |     0.2758 |      8.5

   3 |    1 |           6.0856e+05 |           6.0890e+05 |     0.2758 |      7.5

   4 |    1 |           6.0848e+05 |           6.0887e+05 |     0.2758 |      6.8

   5 |    1 |           6.0843e+05 |           6.0886e+05 |     0.2758 |      6.2

                                               --------------------------------------------------------------------------------
 第 5 轮收敛 (损失变化 < 0.0001)

 Fold 5 结果:
  RMSE: 0.8710
  秩: 1
  迭代次数: 5
  训练时间: 36.5s
  总时间: 36.7s
                                                        
 λ=100.0 汇总:
  平均 RMSE: 0.8704
  RMSE 标准差: 0.0004
  RMSE 中位数: 0.8705

==================================================
λ = 50.0 (2/3)
==================================================
Fold 进度:   0%|          | 0/5 [00:00<?, ?it/s]

 Fold 1/5:
  训练集: 16,000,210 样本
  验证集: 4,000,053 样本
 Soft-Impute 训练 | λ = 50.0000 | 最大秩 = 50 | 容差 = 0.0001
--------------------------------------------------------------------------------
  迭代 |    秩 |      拟合损失 (Fit Loss) |      目标函数 (Obj Func) |     训练RMSE |   耗时 (s)
--------------------------------------------------------------------------------
   1 |    8 |           6.0975e+05 |           6.1550e+05 |     0.2761 |      6.6

   2 |    7 |           6.0087e+05 |           6.1019e+05 |     0.2741 |      7.5

   3 |    7 |           5.9576e+05 |           6.0760e+05 |     0.2729 |      7.3

   4 |    7 |           5.9233e+05 |           6.0606e+05 |     0.2721 |      7.2

   5 |    6 |           5.8985e+05 |           6.0508e+05 |     0.2715 |      7.2

   6 |    6 |           5.8796e+05 |           6.0441e+05 |     0.2711 |      7.2

   7 |    6 |           5.8646e+05 |           6.0391e+05 |     0.2708 |      7.2

   8 |    6 |           5.8525e+05 |           6.0355e+05 |     0.2705 |      7.2

   9 |    6 |           5.8427e+05 |           6.0327e+05 |     0.2702 |      7.4

  10 |    6 |           5.8345e+05 |           6.0305e+05 |     0.2701 |      7.4

  11 |    6 |           5.8277e+05 |           6.0289e+05 |     0.2699 |      7.3

  12 |    6 |           5.8219e+05 |           6.0275e+05 |     0.2698 |      7.2

  13 |    5 |           5.8170e+05 |           6.0266e+05 |     0.2696 |      7.2

  14 |    5 |           5.8126e+05 |           6.0257e+05 |     0.2695 |      7.2

  15 |    5 |           5.8087e+05 |           6.0250e+05 |     0.2695 |      7.2

  16 |    5 |           5.8054e+05 |           6.0244e+05 |     0.2694 |      7.2

  17 |    5 |           5.8025e+05 |           6.0239e+05 |     0.2693 |      7.2

  18 |    5 |           5.8000e+05 |           6.0235e+05 |     0.2693 |      7.3

  19 |    5 |           5.7978e+05 |           6.0231e+05 |     0.2692 |      7.2

  20 |    5 |           5.7958e+05 |           6.0228e+05 |     0.2692 |      7.2

  21 |    5 |           5.7941e+05 |           6.0226e+05 |     0.2691 |      7.3

  22 |    5 |           5.7926e+05 |           6.0223e+05 |     0.2691 |      7.1

  23 |    5 |           5.7912e+05 |           6.0222e+05 |     0.2691 |      7.1

  24 |    5 |           5.7901e+05 |           6.0220e+05 |     0.2690 |      7.2

  25 |    5 |           5.7890e+05 |           6.0219e+05 |     0.2690 |      7.1

  26 |    5 |           5.7880e+05 |           6.0217e+05 |     0.2690 |      7.3

  27 |    5 |           5.7872e+05 |           6.0216e+05 |     0.2690 |      7.2

  28 |    5 |           5.7864e+05 |           6.0215e+05 |     0.2689 |      7.2

  29 |    5 |           5.7858e+05 |           6.0215e+05 |     0.2689 |      7.1

  30 |    5 |           5.7852e+05 |           6.0214e+05 |     0.2689 |      7.1

  31 |    5 |           5.7846e+05 |           6.0213e+05 |     0.2689 |      7.2
--------------------------------------------------------------------------------
 第 31 轮收敛 (损失变化 < 0.0001)

                                                
 Fold 1 结果:
  RMSE: 0.8660
  秩: 5
  迭代次数: 31
  训练时间: 224.6s
  总时间: 224.9s
Fold 进度:  20%|██        | 1/5 [03:45<15:03, 225.90s/it]
  0%|          | 0/100 [00:00<?, ?it/s]
 Fold 2/5:
  训练集: 16,000,210 样本
  验证集: 4,000,053 样本
 Soft-Impute 训练 | λ = 50.0000 | 最大秩 = 50 | 容差 = 0.0001
--------------------------------------------------------------------------------
  迭代 |    秩 |      拟合损失 (Fit Loss) |      目标函数 (Obj Func) |     训练RMSE |   耗时 (s)
--------------------------------------------------------------------------------
   1 |    7 |           6.0887e+05 |           6.1458e+05 |     0.2759 |      6.4

   2 |    7 |           6.0007e+05 |           6.0933e+05 |     0.2739 |      7.3

   3 |    7 |           5.9498e+05 |           6.0674e+05 |     0.2727 |      7.2

   4 |    6 |           5.9157e+05 |           6.0527e+05 |     0.2719 |      7.3

   5 |    6 |           5.8905e+05 |           6.0427e+05 |     0.2713 |      7.2

   6 |    6 |           5.8712e+05 |           6.0358e+05 |     0.2709 |      7.2

   7 |    6 |           5.8561e+05 |           6.0308e+05 |     0.2706 |      7.2

   8 |    6 |           5.8440e+05 |           6.0271e+05 |     0.2703 |      7.2

   9 |    6 |           5.8341e+05 |           6.0243e+05 |     0.2700 |      7.2

  10 |    6 |           5.8259e+05 |           6.0222e+05 |     0.2699 |      7.3

  11 |    6 |           5.8191e+05 |           6.0205e+05 |     0.2697 |      7.4

  12 |    6 |           5.8132e+05 |           6.0191e+05 |     0.2696 |      7.4

  13 |    5 |           5.8083e+05 |           6.0181e+05 |     0.2694 |      7.3

  14 |    5 |           5.8040e+05 |           6.0173e+05 |     0.2693 |      7.3

  15 |    5 |           5.8002e+05 |           6.0166e+05 |     0.2693 |      7.3

  16 |    5 |           5.7968e+05 |           6.0160e+05 |     0.2692 |      7.3

  17 |    5 |           5.7940e+05 |           6.0155e+05 |     0.2691 |      7.2

  18 |    5 |           5.7914e+05 |           6.0151e+05 |     0.2691 |      7.3

  19 |    5 |           5.7892e+05 |           6.0147e+05 |     0.2690 |      7.5

  20 |    5 |           5.7873e+05 |           6.0144e+05 |     0.2690 |      7.4

  21 |    5 |           5.7856e+05 |           6.0142e+05 |     0.2689 |      7.3

  22 |    5 |           5.7840e+05 |           6.0139e+05 |     0.2689 |      7.3

  23 |    5 |           5.7827e+05 |           6.0137e+05 |     0.2689 |      7.2

  24 |    5 |           5.7815e+05 |           6.0136e+05 |     0.2688 |      7.2

  25 |    5 |           5.7804e+05 |           6.0134e+05 |     0.2688 |      7.3

  26 |    5 |           5.7795e+05 |           6.0133e+05 |     0.2688 |      7.3

  27 |    5 |           5.7786e+05 |           6.0132e+05 |     0.2688 |      7.2

  28 |    5 |           5.7779e+05 |           6.0131e+05 |     0.2687 |      7.3

  29 |    5 |           5.7772e+05 |           6.0130e+05 |     0.2687 |      7.3

  30 |    5 |           5.7766e+05 |           6.0130e+05 |     0.2687 |      7.3

  31 |    5 |           5.7761e+05 |           6.0129e+05 |     0.2687 |      7.3

                                                --------------------------------------------------------------------------------
 第 31 轮收敛 (损失变化 < 0.0001)

 Fold 2 结果:
  RMSE: 0.8661
  秩: 5
  迭代次数: 31
  训练时间: 226.4s
  总时间: 226.7s
Fold 进度:  40%|████      | 2/5 [07:32<11:19, 226.45s/it]

 Fold 3/5:
  训练集: 16,000,210 样本
  验证集: 4,000,053 样本
 Soft-Impute 训练 | λ = 50.0000 | 最大秩 = 50 | 容差 = 0.0001
--------------------------------------------------------------------------------
  迭代 |    秩 |      拟合损失 (Fit Loss) |      目标函数 (Obj Func) |     训练RMSE |   耗时 (s)
--------------------------------------------------------------------------------
   1 |    7 |           6.0968e+05 |           6.1543e+05 |     0.2761 |      6.0

   2 |    7 |           6.0081e+05 |           6.1014e+05 |     0.2740 |      6.8

   3 |    7 |           5.9569e+05 |           6.0754e+05 |     0.2729 |      8.2

   4 |    6 |           5.9225e+05 |           6.0601e+05 |     0.2721 |     11.6

   5 |    6 |           5.8976e+05 |           6.0504e+05 |     0.2715 |      9.7

   6 |    6 |           5.8783e+05 |           6.0435e+05 |     0.2711 |      9.4

   7 |    6 |           5.8632e+05 |           6.0384e+05 |     0.2707 |      9.3

   8 |    6 |           5.8510e+05 |           6.0347e+05 |     0.2704 |      8.7

   9 |    6 |           5.8411e+05 |           6.0319e+05 |     0.2702 |      7.5

  10 |    6 |           5.8329e+05 |           6.0298e+05 |     0.2700 |      7.3

  11 |    6 |           5.8260e+05 |           6.0281e+05 |     0.2699 |      7.3

  12 |    6 |           5.8202e+05 |           6.0267e+05 |     0.2697 |      7.5

  13 |    6 |           5.8152e+05 |           6.0256e+05 |     0.2696 |      7.4

  14 |    6 |           5.8109e+05 |           6.0248e+05 |     0.2695 |      7.4

  15 |    6 |           5.8072e+05 |           6.0241e+05 |     0.2694 |      7.3

  16 |    5 |           5.8040e+05 |           6.0235e+05 |     0.2694 |      7.3

  17 |    5 |           5.8012e+05 |           6.0231e+05 |     0.2693 |      7.2

  18 |    5 |           5.7986e+05 |           6.0226e+05 |     0.2692 |      7.2

  19 |    5 |           5.7964e+05 |           6.0223e+05 |     0.2692 |      7.3

  20 |    5 |           5.7944e+05 |           6.0220e+05 |     0.2691 |      7.2

  21 |    5 |           5.7927e+05 |           6.0217e+05 |     0.2691 |      7.3

  22 |    5 |           5.7911e+05 |           6.0215e+05 |     0.2691 |      7.3

  23 |    5 |           5.7898e+05 |           6.0213e+05 |     0.2690 |      7.3

  24 |    5 |           5.7886e+05 |           6.0211e+05 |     0.2690 |      7.2

  25 |    5 |           5.7875e+05 |           6.0210e+05 |     0.2690 |      7.2

  26 |    5 |           5.7866e+05 |           6.0209e+05 |     0.2689 |      7.3

  27 |    5 |           5.7857e+05 |           6.0208e+05 |     0.2689 |      7.2

  28 |    5 |           5.7849e+05 |           6.0207e+05 |     0.2689 |      7.3

  29 |    5 |           5.7843e+05 |           6.0206e+05 |     0.2689 |      7.4

  30 |    5 |           5.7837e+05 |           6.0205e+05 |     0.2689 |      7.3

  31 |    5 |           5.7831e+05 |           6.0205e+05 |     0.2689 |      7.6

                                                --------------------------------------------------------------------------------
 第 31 轮收敛 (损失变化 < 0.0001)

 Fold 3 结果:
  RMSE: 0.8653
  秩: 5
  迭代次数: 31
  训练时间: 239.2s
  总时间: 239.5s
Fold 进度:  60%|██████    | 3/5 [11:32<07:44, 232.48s/it]

 Fold 4/5:
  训练集: 16,000,211 样本
  验证集: 4,000,052 样本
 Soft-Impute 训练 | λ = 50.0000 | 最大秩 = 50 | 容差 = 0.0001
--------------------------------------------------------------------------------
  迭代 |    秩 |      拟合损失 (Fit Loss) |      目标函数 (Obj Func) |     训练RMSE |   耗时 (s)
--------------------------------------------------------------------------------
   1 |    7 |           6.0909e+05 |           6.1496e+05 |     0.2759 |      6.6

   2 |    7 |           6.0006e+05 |           6.0953e+05 |     0.2739 |      7.3

   3 |    7 |           5.9490e+05 |           6.0690e+05 |     0.2727 |      7.2

   4 |    7 |           5.9145e+05 |           6.0534e+05 |     0.2719 |      7.2

   5 |    6 |           5.8897e+05 |           6.0436e+05 |     0.2713 |      7.2

   6 |    6 |           5.8708e+05 |           6.0369e+05 |     0.2709 |      7.3

   7 |    6 |           5.8558e+05 |           6.0319e+05 |     0.2705 |      7.2

   8 |    6 |           5.8437e+05 |           6.0282e+05 |     0.2703 |      7.2

   9 |    6 |           5.8339e+05 |           6.0254e+05 |     0.2700 |      7.3

  10 |    6 |           5.8258e+05 |           6.0232e+05 |     0.2699 |      7.5

  11 |    5 |           5.8190e+05 |           6.0217e+05 |     0.2697 |      7.3

  12 |    5 |           5.8131e+05 |           6.0205e+05 |     0.2696 |      7.3

  13 |    5 |           5.8080e+05 |           6.0194e+05 |     0.2694 |      7.2

  14 |    5 |           5.8036e+05 |           6.0185e+05 |     0.2693 |      7.4

  15 |    5 |           5.7998e+05 |           6.0177e+05 |     0.2693 |      7.2

  16 |    5 |           5.7965e+05 |           6.0171e+05 |     0.2692 |      7.3

  17 |    5 |           5.7936e+05 |           6.0166e+05 |     0.2691 |      7.3

  18 |    5 |           5.7911e+05 |           6.0162e+05 |     0.2690 |      7.2

  19 |    5 |           5.7889e+05 |           6.0159e+05 |     0.2690 |      7.3

  20 |    5 |           5.7869e+05 |           6.0156e+05 |     0.2690 |      7.3

  21 |    5 |           5.7852e+05 |           6.0153e+05 |     0.2689 |      7.3

  22 |    5 |           5.7837e+05 |           6.0151e+05 |     0.2689 |      7.3

  23 |    5 |           5.7824e+05 |           6.0149e+05 |     0.2688 |      7.2

  24 |    5 |           5.7812e+05 |           6.0147e+05 |     0.2688 |      8.1

  25 |    5 |           5.7801e+05 |           6.0146e+05 |     0.2688 |      7.3

  26 |    5 |           5.7792e+05 |           6.0145e+05 |     0.2688 |      7.6

  27 |    5 |           5.7784e+05 |           6.0144e+05 |     0.2688 |      7.4

  28 |    5 |           5.7776e+05 |           6.0143e+05 |     0.2687 |      7.5

  29 |    5 |           5.7770e+05 |           6.0142e+05 |     0.2687 |      7.3

  30 |    5 |           5.7764e+05 |           6.0141e+05 |     0.2687 |      7.3

  31 |    5 |           5.7758e+05 |           6.0141e+05 |     0.2687 |      7.2

                                                --------------------------------------------------------------------------------
 第 31 轮收敛 (损失变化 < 0.0001)

 Fold 4 结果:
  RMSE: 0.8662
  秩: 5
  迭代次数: 31
  训练时间: 227.6s
  总时间: 227.9s
Fold 进度:  80%|████████  | 4/5 [15:20<03:50, 230.73s/it]
  0%|          | 0/100 [00:00<?, ?it/s]
 Fold 5/5:
  训练集: 16,000,211 样本
  验证集: 4,000,052 样本
 Soft-Impute 训练 | λ = 50.0000 | 最大秩 = 50 | 容差 = 0.0001
--------------------------------------------------------------------------------
  迭代 |    秩 |      拟合损失 (Fit Loss) |      目标函数 (Obj Func) |     训练RMSE |   耗时 (s)
--------------------------------------------------------------------------------
   1 |    8 |           6.0883e+05 |           6.1466e+05 |     0.2759 |      5.8

   2 |    7 |           5.9985e+05 |           6.0927e+05 |     0.2738 |      6.7

   3 |    7 |           5.9472e+05 |           6.0666e+05 |     0.2727 |      6.7

   4 |    7 |           5.9129e+05 |           6.0512e+05 |     0.2719 |      6.8

   5 |    6 |           5.8882e+05 |           6.0414e+05 |     0.2713 |      6.5

   6 |    6 |           5.8694e+05 |           6.0348e+05 |     0.2709 |      7.2

   7 |    6 |           5.8544e+05 |           6.0299e+05 |     0.2705 |      7.2

   8 |    6 |           5.8423e+05 |           6.0262e+05 |     0.2702 |      7.3

   9 |    6 |           5.8325e+05 |           6.0234e+05 |     0.2700 |      7.2

  10 |    6 |           5.8244e+05 |           6.0213e+05 |     0.2698 |      7.1

  11 |    6 |           5.8176e+05 |           6.0196e+05 |     0.2697 |      7.4

  12 |    6 |           5.8118e+05 |           6.0183e+05 |     0.2695 |      7.3

  13 |    5 |           5.8069e+05 |           6.0173e+05 |     0.2694 |      7.3

  14 |    5 |           5.8026e+05 |           6.0165e+05 |     0.2693 |      7.2

  15 |    5 |           5.7988e+05 |           6.0158e+05 |     0.2692 |      7.3

  16 |    5 |           5.7955e+05 |           6.0152e+05 |     0.2692 |      6.5

  17 |    5 |           5.7926e+05 |           6.0147e+05 |     0.2691 |      7.2

  18 |    5 |           5.7901e+05 |           6.0143e+05 |     0.2690 |      7.2

  19 |    5 |           5.7879e+05 |           6.0139e+05 |     0.2690 |      7.1

  20 |    5 |           5.7860e+05 |           6.0136e+05 |     0.2689 |      7.1

  21 |    5 |           5.7843e+05 |           6.0134e+05 |     0.2689 |      7.2

  22 |    5 |           5.7828e+05 |           6.0132e+05 |     0.2689 |      7.2

  23 |    5 |           5.7815e+05 |           6.0130e+05 |     0.2688 |      6.4

  24 |    5 |           5.7803e+05 |           6.0128e+05 |     0.2688 |      6.4

  25 |    5 |           5.7792e+05 |           6.0127e+05 |     0.2688 |      7.2

  26 |    5 |           5.7783e+05 |           6.0125e+05 |     0.2688 |      6.4

  27 |    5 |           5.7774e+05 |           6.0124e+05 |     0.2687 |      7.2

  28 |    5 |           5.7767e+05 |           6.0124e+05 |     0.2687 |      7.2

  29 |    5 |           5.7760e+05 |           6.0123e+05 |     0.2687 |      7.2

  30 |    5 |           5.7755e+05 |           6.0122e+05 |     0.2687 |      7.1

  31 |    5 |           5.7749e+05 |           6.0121e+05 |     0.2687 |      7.2

                                                --------------------------------------------------------------------------------
 第 31 轮收敛 (损失变化 < 0.0001)

 Fold 5 结果:
  RMSE: 0.8666
  秩: 5
  迭代次数: 31
  训练时间: 218.1s
  总时间: 218.4s
                                                         
 λ=50.0 汇总:
  平均 RMSE: 0.8660
  RMSE 标准差: 0.0004
  RMSE 中位数: 0.8661

==================================================
λ = 10.0 (3/3)
==================================================
Fold 进度:   0%|          | 0/5 [00:00<?, ?it/s]

 Fold 1/5:
  训练集: 16,000,210 样本
  验证集: 4,000,053 样本
 Soft-Impute 训练 | λ = 10.0000 | 最大秩 = 50 | 容差 = 0.0001
--------------------------------------------------------------------------------
  迭代 |    秩 |      拟合损失 (Fit Loss) |      目标函数 (Obj Func) |     训练RMSE |   耗时 (s)
--------------------------------------------------------------------------------
   1 |   50 |           6.0975e+05 |           6.2662e+05 |     0.2761 |      5.7

   2 |   50 |           5.4582e+05 |           5.7108e+05 |     0.2612 |     20.8

   3 |   50 |           5.1979e+05 |           5.5124e+05 |     0.2549 |      9.4

   4 |   50 |           5.0253e+05 |           5.3906e+05 |     0.2506 |      7.8

   5 |   50 |           4.8953e+05 |           5.3041e+05 |     0.2474 |      8.2

   6 |   50 |           4.7913e+05 |           5.2382e+05 |     0.2447 |      7.8

   7 |   50 |           4.7048e+05 |           5.1857e+05 |     0.2425 |      7.2

   8 |   50 |           4.6311e+05 |           5.1428e+05 |     0.2406 |      8.5

   9 |   50 |           4.5672e+05 |           5.1070e+05 |     0.2389 |      7.5

  10 |   50 |           4.5110e+05 |           5.0765e+05 |     0.2375 |      8.1

  11 |   50 |           4.4609e+05 |           5.0503e+05 |     0.2361 |      7.0

  12 |   50 |           4.4161e+05 |           5.0274e+05 |     0.2349 |      7.1

  13 |   50 |           4.3755e+05 |           5.0073e+05 |     0.2339 |      7.2

  14 |   50 |           4.3385e+05 |           4.9896e+05 |     0.2329 |      7.2

  15 |   50 |           4.3047e+05 |           4.9737e+05 |     0.2320 |      7.0

  16 |   50 |           4.2735e+05 |           4.9595e+05 |     0.2311 |      8.3

  17 |   50 |           4.2448e+05 |           4.9467e+05 |     0.2303 |     12.0

  18 |   50 |           4.2181e+05 |           4.9351e+05 |     0.2296 |      7.2

  19 |   50 |           4.1933e+05 |           4.9245e+05 |     0.2289 |      7.1

  20 |   50 |           4.1701e+05 |           4.9148e+05 |     0.2283 |      7.2

  21 |   50 |           4.1484e+05 |           4.9060e+05 |     0.2277 |      7.0

  22 |   50 |           4.1281e+05 |           4.8978e+05 |     0.2272 |      7.0

  23 |   50 |           4.1089e+05 |           4.8903e+05 |     0.2266 |      6.9

  24 |   50 |           4.0909e+05 |           4.8834e+05 |     0.2261 |      7.8

  25 |   50 |           4.0738e+05 |           4.8769e+05 |     0.2257 |      7.0

  26 |   50 |           4.0577e+05 |           4.8709e+05 |     0.2252 |      9.4

  27 |   50 |           4.0424e+05 |           4.8654e+05 |     0.2248 |      6.8

  28 |   50 |           4.0279e+05 |           4.8601e+05 |     0.2244 |      7.0

  29 |   50 |           4.0141e+05 |           4.8553e+05 |     0.2240 |      7.1

  30 |   50 |           4.0010e+05 |           4.8507e+05 |     0.2236 |      7.9

  31 |   50 |           3.9885e+05 |           4.8464e+05 |     0.2233 |      7.5

  32 |   50 |           3.9766e+05 |           4.8424e+05 |     0.2230 |      7.2

  33 |   50 |           3.9652e+05 |           4.8386e+05 |     0.2226 |     12.9

  34 |   50 |           3.9543e+05 |           4.8350e+05 |     0.2223 |      7.1

  35 |   50 |           3.9439e+05 |           4.8316e+05 |     0.2220 |      7.2

  36 |   50 |           3.9340e+05 |           4.8284e+05 |     0.2218 |      7.4

  37 |   50 |           3.9244e+05 |           4.8254e+05 |     0.2215 |      7.3

  38 |   50 |           3.9152e+05 |           4.8225e+05 |     0.2212 |      7.2

  39 |   50 |           3.9064e+05 |           4.8198e+05 |     0.2210 |      7.5

  40 |   50 |           3.8979e+05 |           4.8172e+05 |     0.2207 |      7.5

  41 |   50 |           3.8898e+05 |           4.8148e+05 |     0.2205 |      7.9

  42 |   50 |           3.8820e+05 |           4.8124e+05 |     0.2203 |      7.3

  43 |   50 |           3.8744e+05 |           4.8102e+05 |     0.2201 |      7.5

  44 |   50 |           3.8672e+05 |           4.8081e+05 |     0.2199 |      8.9

  45 |   50 |           3.8602e+05 |           4.8060e+05 |     0.2197 |      7.5

  46 |   50 |           3.8534e+05 |           4.8041e+05 |     0.2195 |      7.5

  47 |   50 |           3.8469e+05 |           4.8023e+05 |     0.2193 |      8.0

  48 |   50 |           3.8406e+05 |           4.8005e+05 |     0.2191 |      7.7

  49 |   50 |           3.8346e+05 |           4.7988e+05 |     0.2189 |      8.0

  50 |   50 |           3.8287e+05 |           4.7972e+05 |     0.2188 |      7.3

  51 |   50 |           3.8230e+05 |           4.7956e+05 |     0.2186 |      8.3

  52 |   50 |           3.8175e+05 |           4.7941e+05 |     0.2184 |      7.1

  53 |   50 |           3.8122e+05 |           4.7927e+05 |     0.2183 |      7.4

  54 |   50 |           3.8071e+05 |           4.7913e+05 |     0.2181 |      7.4

  55 |   50 |           3.8021e+05 |           4.7900e+05 |     0.2180 |      8.2

  56 |   50 |           3.7973e+05 |           4.7887e+05 |     0.2179 |      7.1

  57 |   50 |           3.7926e+05 |           4.7875e+05 |     0.2177 |      7.3

  58 |   50 |           3.7881e+05 |           4.7863e+05 |     0.2176 |      7.2

  59 |   50 |           3.7837e+05 |           4.7852e+05 |     0.2175 |      7.6

  60 |   50 |           3.7794e+05 |           4.7841e+05 |     0.2174 |      7.0

  61 |   50 |           3.7752e+05 |           4.7830e+05 |     0.2172 |      7.1

  62 |   50 |           3.7712e+05 |           4.7820e+05 |     0.2171 |      8.1

  63 |   50 |           3.7673e+05 |           4.7810e+05 |     0.2170 |      7.5

  64 |   50 |           3.7635e+05 |           4.7800e+05 |     0.2169 |      7.1

  65 |   50 |           3.7598e+05 |           4.7791e+05 |     0.2168 |     12.4

  66 |   50 |           3.7562e+05 |           4.7782e+05 |     0.2167 |      7.1

  67 |   50 |           3.7527e+05 |           4.7774e+05 |     0.2166 |      7.4

  68 |   50 |           3.7494e+05 |           4.7765e+05 |     0.2165 |      7.4

  69 |   50 |           3.7461e+05 |           4.7757e+05 |     0.2164 |      7.0

  70 |   50 |           3.7428e+05 |           4.7749e+05 |     0.2163 |      7.2

  71 |   50 |           3.7397e+05 |           4.7742e+05 |     0.2162 |      7.5

  72 |   50 |           3.7367e+05 |           4.7735e+05 |     0.2161 |      8.0

  73 |   50 |           3.7337e+05 |           4.7727e+05 |     0.2160 |      7.5

  74 |   50 |           3.7308e+05 |           4.7721e+05 |     0.2160 |      8.2

  75 |   50 |           3.7280e+05 |           4.7714e+05 |     0.2159 |      8.4

  76 |   50 |           3.7253e+05 |           4.7707e+05 |     0.2158 |      8.3

  77 |   50 |           3.7226e+05 |           4.7701e+05 |     0.2157 |      8.8

  78 |   50 |           3.7200e+05 |           4.7695e+05 |     0.2156 |      9.8

  79 |   50 |           3.7174e+05 |           4.7689e+05 |     0.2156 |     14.4

  80 |   50 |           3.7149e+05 |           4.7683e+05 |     0.2155 |      7.4

  81 |   50 |           3.7125e+05 |           4.7677e+05 |     0.2154 |      7.5

  82 |   50 |           3.7102e+05 |           4.7672e+05 |     0.2154 |      7.5

  83 |   50 |           3.7079e+05 |           4.7667e+05 |     0.2153 |      8.5

  84 |   50 |           3.7056e+05 |           4.7661e+05 |     0.2152 |      7.3

  85 |   50 |           3.7034e+05 |           4.7656e+05 |     0.2152 |      8.7

  86 |   50 |           3.7013e+05 |           4.7651e+05 |     0.2151 |      9.0

  87 |   50 |           3.6992e+05 |           4.7647e+05 |     0.2150 |      7.2

  88 |   50 |           3.6971e+05 |           4.7642e+05 |     0.2150 |      9.0

  89 |   50 |           3.6951e+05 |           4.7637e+05 |     0.2149 |      9.0

  90 |   50 |           3.6931e+05 |           4.7633e+05 |     0.2149 |      8.3

  91 |   50 |           3.6912e+05 |           4.7629e+05 |     0.2148 |      8.5

  92 |   50 |           3.6894e+05 |           4.7624e+05 |     0.2147 |      7.6

  93 |   50 |           3.6875e+05 |           4.7620e+05 |     0.2147 |      7.3

  94 |   50 |           3.6857e+05 |           4.7616e+05 |     0.2146 |      7.2

  95 |   50 |           3.6840e+05 |           4.7612e+05 |     0.2146 |      7.2

  96 |   50 |           3.6823e+05 |           4.7608e+05 |     0.2145 |      8.3

  97 |   50 |           3.6806e+05 |           4.7605e+05 |     0.2145 |      7.1

  98 |   50 |           3.6789e+05 |           4.7601e+05 |     0.2144 |      7.6

  99 |   50 |           3.6773e+05 |           4.7597e+05 |     0.2144 |      7.2

 100 |   50 |           3.6758e+05 |           4.7594e+05 |     0.2144 |      7.4
--------------------------------------------------------------------------------
 达到最大迭代次数 100，未完全收敛

100%|██████████| 100/100 [13:23<00:00,  7.51s/it]
                                                 
 Fold 1 结果:
  RMSE: 0.8422
  秩: 50
  迭代次数: 100
  训练时间: 803.6s
  总时间: 804.7s
Fold 进度:  20%|██        | 1/5 [13:25<53:42, 805.68s/it]
  0%|          | 0/100 [00:00<?, ?it/s]
 Fold 2/5:
  训练集: 16,000,210 样本
  验证集: 4,000,053 样本
 Soft-Impute 训练 | λ = 10.0000 | 最大秩 = 50 | 容差 = 0.0001
--------------------------------------------------------------------------------
  迭代 |    秩 |      拟合损失 (Fit Loss) |      目标函数 (Obj Func) |     训练RMSE |   耗时 (s)
--------------------------------------------------------------------------------
   1 |   50 |           6.0887e+05 |           6.2573e+05 |     0.2759 |      6.5

   2 |   50 |           5.4510e+05 |           5.7034e+05 |     0.2610 |     11.6

   3 |   50 |           5.1905e+05 |           5.5049e+05 |     0.2547 |      7.8

   4 |   50 |           5.0178e+05 |           5.3830e+05 |     0.2504 |      7.5

   5 |   50 |           4.8877e+05 |           5.2964e+05 |     0.2472 |      8.8

   6 |   50 |           4.7836e+05 |           5.2304e+05 |     0.2445 |      7.2

   7 |   50 |           4.6972e+05 |           5.1781e+05 |     0.2423 |      7.4

   8 |   50 |           4.6236e+05 |           5.1352e+05 |     0.2404 |      7.9

   9 |   50 |           4.5598e+05 |           5.0994e+05 |     0.2387 |      7.4

  10 |   50 |           4.5037e+05 |           5.0690e+05 |     0.2373 |      7.3

  11 |   50 |           4.4538e+05 |           5.0428e+05 |     0.2359 |      7.1

  12 |   50 |           4.4090e+05 |           5.0200e+05 |     0.2348 |      7.0

  13 |   50 |           4.3685e+05 |           5.0000e+05 |     0.2337 |      9.4

  14 |   50 |           4.3317e+05 |           4.9823e+05 |     0.2327 |      8.1

  15 |   50 |           4.2980e+05 |           4.9665e+05 |     0.2318 |      7.2

  16 |   50 |           4.2670e+05 |           4.9524e+05 |     0.2309 |      7.3

  17 |   50 |           4.2383e+05 |           4.9396e+05 |     0.2302 |      7.3

  18 |   50 |           4.2118e+05 |           4.9281e+05 |     0.2294 |      7.1

  19 |   50 |           4.1871e+05 |           4.9175e+05 |     0.2288 |      7.7

  20 |   50 |           4.1640e+05 |           4.9079e+05 |     0.2281 |      7.0

  21 |   50 |           4.1424e+05 |           4.8991e+05 |     0.2276 |      7.1

  22 |   50 |           4.1221e+05 |           4.8910e+05 |     0.2270 |      8.2

  23 |   50 |           4.1031e+05 |           4.8835e+05 |     0.2265 |      6.9

  24 |   50 |           4.0851e+05 |           4.8766e+05 |     0.2260 |      7.1

  25 |   50 |           4.0682e+05 |           4.8702e+05 |     0.2255 |      7.1

  26 |   50 |           4.0521e+05 |           4.8642e+05 |     0.2251 |      7.0

  27 |   50 |           4.0369e+05 |           4.8587e+05 |     0.2246 |      7.0

  28 |   50 |           4.0225e+05 |           4.8535e+05 |     0.2242 |      7.0

  29 |   50 |           4.0088e+05 |           4.8486e+05 |     0.2238 |      7.0

  30 |   50 |           3.9957e+05 |           4.8441e+05 |     0.2235 |      7.1

  31 |   50 |           3.9833e+05 |           4.8398e+05 |     0.2231 |      7.0

  32 |   50 |           3.9714e+05 |           4.8358e+05 |     0.2228 |      7.0

  33 |   50 |           3.9600e+05 |           4.8320e+05 |     0.2225 |      7.0

  34 |   50 |           3.9492e+05 |           4.8284e+05 |     0.2222 |      7.0

  35 |   50 |           3.9388e+05 |           4.8250e+05 |     0.2219 |      7.4

  36 |   50 |           3.9289e+05 |           4.8218e+05 |     0.2216 |      6.9

  37 |   50 |           3.9194e+05 |           4.8188e+05 |     0.2213 |      7.0

  38 |   50 |           3.9102e+05 |           4.8160e+05 |     0.2211 |      6.9

  39 |   50 |           3.9015e+05 |           4.8132e+05 |     0.2208 |      7.0

  40 |   50 |           3.8930e+05 |           4.8107e+05 |     0.2206 |      7.0

  41 |   50 |           3.8849e+05 |           4.8082e+05 |     0.2204 |      7.1

  42 |   50 |           3.8771e+05 |           4.8059e+05 |     0.2201 |      7.1

  43 |   50 |           3.8696e+05 |           4.8036e+05 |     0.2199 |      7.0

  44 |   50 |           3.8624e+05 |           4.8015e+05 |     0.2197 |      7.3

  45 |   50 |           3.8554e+05 |           4.7995e+05 |     0.2195 |      7.1

  46 |   50 |           3.8487e+05 |           4.7975e+05 |     0.2193 |      7.0

  47 |   50 |           3.8422e+05 |           4.7957e+05 |     0.2191 |      7.0

  48 |   50 |           3.8359e+05 |           4.7939e+05 |     0.2190 |      7.0

  49 |   50 |           3.8298e+05 |           4.7922e+05 |     0.2188 |      7.1

  50 |   50 |           3.8240e+05 |           4.7906e+05 |     0.2186 |      7.1

  51 |   50 |           3.8183e+05 |           4.7890e+05 |     0.2185 |      6.9

  52 |   50 |           3.8128e+05 |           4.7875e+05 |     0.2183 |      6.9

  53 |   50 |           3.8075e+05 |           4.7861e+05 |     0.2182 |      7.0

  54 |   50 |           3.8024e+05 |           4.7847e+05 |     0.2180 |      6.9

  55 |   50 |           3.7974e+05 |           4.7834e+05 |     0.2179 |      7.2

  56 |   50 |           3.7926e+05 |           4.7821e+05 |     0.2177 |      7.4

  57 |   50 |           3.7879e+05 |           4.7809e+05 |     0.2176 |      6.9

  58 |   50 |           3.7834e+05 |           4.7797e+05 |     0.2175 |      7.0

  59 |   50 |           3.7790e+05 |           4.7785e+05 |     0.2173 |      7.1

  60 |   50 |           3.7747e+05 |           4.7774e+05 |     0.2172 |      7.0

  61 |   50 |           3.7705e+05 |           4.7764e+05 |     0.2171 |      7.0

  62 |   50 |           3.7665e+05 |           4.7753e+05 |     0.2170 |      6.9

  63 |   50 |           3.7626e+05 |           4.7744e+05 |     0.2169 |      7.0

  64 |   50 |           3.7588e+05 |           4.7734e+05 |     0.2168 |      7.0

  65 |   50 |           3.7551e+05 |           4.7725e+05 |     0.2167 |      6.9

  66 |   50 |           3.7515e+05 |           4.7716e+05 |     0.2165 |      7.0

  67 |   50 |           3.7480e+05 |           4.7707e+05 |     0.2164 |      7.0

  68 |   50 |           3.7446e+05 |           4.7699e+05 |     0.2163 |      7.1

  69 |   50 |           3.7413e+05 |           4.7691e+05 |     0.2163 |      7.1

  70 |   50 |           3.7381e+05 |           4.7683e+05 |     0.2162 |      6.9

  71 |   50 |           3.7350e+05 |           4.7675e+05 |     0.2161 |      6.8

  72 |   50 |           3.7319e+05 |           4.7668e+05 |     0.2160 |      6.9

  73 |   50 |           3.7289e+05 |           4.7660e+05 |     0.2159 |      6.9

  74 |   50 |           3.7261e+05 |           4.7653e+05 |     0.2158 |      6.9

  75 |   50 |           3.7232e+05 |           4.7647e+05 |     0.2157 |      7.0

  76 |   50 |           3.7205e+05 |           4.7640e+05 |     0.2157 |      6.8

  77 |   50 |           3.7178e+05 |           4.7634e+05 |     0.2156 |      6.9

  78 |   50 |           3.7152e+05 |           4.7628e+05 |     0.2155 |      6.9

  79 |   50 |           3.7126e+05 |           4.7622e+05 |     0.2154 |      6.9

  80 |   50 |           3.7101e+05 |           4.7616e+05 |     0.2154 |      7.0

  81 |   50 |           3.7077e+05 |           4.7610e+05 |     0.2153 |      7.8

  82 |   50 |           3.7053e+05 |           4.7604e+05 |     0.2152 |      7.4

  83 |   50 |           3.7030e+05 |           4.7599e+05 |     0.2151 |      6.9

  84 |   50 |           3.7007e+05 |           4.7594e+05 |     0.2151 |      6.9

  85 |   50 |           3.6985e+05 |           4.7589e+05 |     0.2150 |      7.0

  86 |   50 |           3.6964e+05 |           4.7584e+05 |     0.2150 |      6.8

  87 |   50 |           3.6943e+05 |           4.7579e+05 |     0.2149 |      6.9

  88 |   50 |           3.6922e+05 |           4.7574e+05 |     0.2148 |      6.9

  89 |   50 |           3.6902e+05 |           4.7569e+05 |     0.2148 |      6.9

  90 |   50 |           3.6882e+05 |           4.7565e+05 |     0.2147 |      7.1

  91 |   50 |           3.6863e+05 |           4.7561e+05 |     0.2147 |      7.3

  92 |   50 |           3.6844e+05 |           4.7556e+05 |     0.2146 |      7.2

  93 |   50 |           3.6826e+05 |           4.7552e+05 |     0.2145 |      6.9

  94 |   50 |           3.6808e+05 |           4.7548e+05 |     0.2145 |      7.0

  95 |   50 |           3.6790e+05 |           4.7544e+05 |     0.2144 |      7.0

  96 |   50 |           3.6773e+05 |           4.7540e+05 |     0.2144 |      6.9

  97 |   50 |           3.6756e+05 |           4.7536e+05 |     0.2143 |      7.4

  98 |   50 |           3.6739e+05 |           4.7533e+05 |     0.2143 |      7.3

  99 |   50 |           3.6723e+05 |           4.7529e+05 |     0.2143 |      7.3

 100 |   50 |           3.6707e+05 |           4.7525e+05 |     0.2142 |      7.2

100%|██████████| 100/100 [12:06<00:00,  7.34s/it]
                                                 --------------------------------------------------------------------------------
 达到最大迭代次数 100，未完全收敛

 Fold 2 结果:
  RMSE: 0.8424
  秩: 50
  迭代次数: 100
  训练时间: 726.4s
  总时间: 728.0s
Fold 进度:  40%|████      | 2/5 [25:34<38:01, 760.40s/it]
  0%|          | 0/100 [00:00<?, ?it/s]
 Fold 3/5:
  训练集: 16,000,210 样本
  验证集: 4,000,053 样本
 Soft-Impute 训练 | λ = 10.0000 | 最大秩 = 50 | 容差 = 0.0001
--------------------------------------------------------------------------------
  迭代 |    秩 |      拟合损失 (Fit Loss) |      目标函数 (Obj Func) |     训练RMSE |   耗时 (s)
--------------------------------------------------------------------------------
   1 |   50 |           6.0968e+05 |           6.2658e+05 |     0.2761 |      5.8

   2 |   50 |           5.4561e+05 |           5.7092e+05 |     0.2612 |      9.3

   3 |   50 |           5.1950e+05 |           5.5101e+05 |     0.2548 |      7.1

   4 |   50 |           5.0224e+05 |           5.3882e+05 |     0.2506 |      6.9

   5 |   50 |           4.8925e+05 |           5.3017e+05 |     0.2473 |      6.9

   6 |   50 |           4.7886e+05 |           5.2358e+05 |     0.2447 |      7.0

   7 |   50 |           4.7023e+05 |           5.1834e+05 |     0.2424 |      6.9

   8 |   50 |           4.6287e+05 |           5.1406e+05 |     0.2405 |      6.9

   9 |   50 |           4.5649e+05 |           5.1048e+05 |     0.2389 |      6.8

  10 |   50 |           4.5088e+05 |           5.0743e+05 |     0.2374 |      7.0

  11 |   50 |           4.4588e+05 |           5.0481e+05 |     0.2361 |      6.8

  12 |   50 |           4.4140e+05 |           5.0252e+05 |     0.2349 |      6.9

  13 |   50 |           4.3734e+05 |           5.0052e+05 |     0.2338 |      6.9

  14 |   50 |           4.3364e+05 |           4.9874e+05 |     0.2328 |      6.9

  15 |   50 |           4.3026e+05 |           4.9715e+05 |     0.2319 |      7.0

  16 |   50 |           4.2715e+05 |           4.9573e+05 |     0.2311 |      7.0

  17 |   50 |           4.2427e+05 |           4.9444e+05 |     0.2303 |      7.0

  18 |   50 |           4.2160e+05 |           4.9328e+05 |     0.2296 |      6.9

  19 |   50 |           4.1912e+05 |           4.9222e+05 |     0.2289 |      7.0

  20 |   50 |           4.1680e+05 |           4.9125e+05 |     0.2283 |      6.9

  21 |   50 |           4.1463e+05 |           4.9036e+05 |     0.2277 |      6.9

  22 |   50 |           4.1259e+05 |           4.8955e+05 |     0.2271 |      6.9

  23 |   50 |           4.1067e+05 |           4.8879e+05 |     0.2266 |      7.0

  24 |   50 |           4.0886e+05 |           4.8809e+05 |     0.2261 |      6.9

  25 |   50 |           4.0716e+05 |           4.8745e+05 |     0.2256 |      7.0

  26 |   50 |           4.0554e+05 |           4.8685e+05 |     0.2251 |      6.9

  27 |   50 |           4.0401e+05 |           4.8628e+05 |     0.2247 |      7.0

  28 |   50 |           4.0256e+05 |           4.8576e+05 |     0.2243 |      7.0

  29 |   50 |           4.0118e+05 |           4.8527e+05 |     0.2239 |      6.9

  30 |   50 |           3.9987e+05 |           4.8481e+05 |     0.2236 |      7.0

  31 |   50 |           3.9861e+05 |           4.8438e+05 |     0.2232 |      7.9

  32 |   50 |           3.9742e+05 |           4.8398e+05 |     0.2229 |      7.0

  33 |   50 |           3.9628e+05 |           4.8359e+05 |     0.2226 |      6.9

  34 |   50 |           3.9519e+05 |           4.8323e+05 |     0.2223 |      6.9

  35 |   50 |           3.9414e+05 |           4.8289e+05 |     0.2220 |      8.1

  36 |   50 |           3.9314e+05 |           4.8257e+05 |     0.2217 |      6.7

  37 |   50 |           3.9219e+05 |           4.8227e+05 |     0.2214 |      6.8

  38 |   50 |           3.9127e+05 |           4.8198e+05 |     0.2212 |      6.8

  39 |   50 |           3.9038e+05 |           4.8170e+05 |     0.2209 |      6.8

  40 |   50 |           3.8954e+05 |           4.8144e+05 |     0.2207 |      7.0

  41 |   50 |           3.8872e+05 |           4.8120e+05 |     0.2204 |      7.0

  42 |   50 |           3.8794e+05 |           4.8096e+05 |     0.2202 |      7.0

  43 |   50 |           3.8718e+05 |           4.8074e+05 |     0.2200 |      7.1

  44 |   50 |           3.8645e+05 |           4.8052e+05 |     0.2198 |      7.0

  45 |   50 |           3.8575e+05 |           4.8032e+05 |     0.2196 |      6.9

  46 |   50 |           3.8507e+05 |           4.8012e+05 |     0.2194 |      7.0

  47 |   50 |           3.8442e+05 |           4.7994e+05 |     0.2192 |      7.0

  48 |   50 |           3.8379e+05 |           4.7976e+05 |     0.2190 |      7.0

  49 |   50 |           3.8318e+05 |           4.7959e+05 |     0.2189 |      7.0

  50 |   50 |           3.8259e+05 |           4.7942e+05 |     0.2187 |      6.9

  51 |   50 |           3.8202e+05 |           4.7927e+05 |     0.2185 |      7.9

  52 |   50 |           3.8147e+05 |           4.7912e+05 |     0.2184 |      7.0

  53 |   50 |           3.8094e+05 |           4.7897e+05 |     0.2182 |      7.3

  54 |   50 |           3.8042e+05 |           4.7883e+05 |     0.2181 |      6.9

  55 |   50 |           3.7992e+05 |           4.7870e+05 |     0.2179 |      7.0

  56 |   50 |           3.7944e+05 |           4.7857e+05 |     0.2178 |      6.9

  57 |   50 |           3.7897e+05 |           4.7844e+05 |     0.2176 |      7.5

  58 |   50 |           3.7851e+05 |           4.7833e+05 |     0.2175 |      8.8

  59 |   50 |           3.7807e+05 |           4.7821e+05 |     0.2174 |      7.3

  60 |   50 |           3.7764e+05 |           4.7810e+05 |     0.2173 |      7.3

  61 |   50 |           3.7723e+05 |           4.7799e+05 |     0.2171 |      7.1

  62 |   50 |           3.7682e+05 |           4.7789e+05 |     0.2170 |      6.9

  63 |   50 |           3.7643e+05 |           4.7779e+05 |     0.2169 |      6.9

  64 |   50 |           3.7605e+05 |           4.7769e+05 |     0.2168 |      6.9

  65 |   50 |           3.7568e+05 |           4.7760e+05 |     0.2167 |      7.0

  66 |   50 |           3.7532e+05 |           4.7751e+05 |     0.2166 |      6.9

  67 |   50 |           3.7497e+05 |           4.7742e+05 |     0.2165 |      7.0

  68 |   50 |           3.7463e+05 |           4.7734e+05 |     0.2164 |      7.1

  69 |   50 |           3.7430e+05 |           4.7726e+05 |     0.2163 |      7.0

  70 |   50 |           3.7397e+05 |           4.7718e+05 |     0.2162 |      7.0

  71 |   50 |           3.7366e+05 |           4.7710e+05 |     0.2161 |      7.5

  72 |   50 |           3.7335e+05 |           4.7703e+05 |     0.2160 |      8.2

  73 |   50 |           3.7306e+05 |           4.7695e+05 |     0.2159 |      7.2

  74 |   50 |           3.7276e+05 |           4.7688e+05 |     0.2159 |      7.2

  75 |   50 |           3.7248e+05 |           4.7682e+05 |     0.2158 |      7.9

  76 |   50 |           3.7221e+05 |           4.7675e+05 |     0.2157 |      7.0

  77 |   50 |           3.7194e+05 |           4.7669e+05 |     0.2156 |      7.1

  78 |   50 |           3.7167e+05 |           4.7662e+05 |     0.2155 |      7.0

  79 |   50 |           3.7142e+05 |           4.7656e+05 |     0.2155 |      7.3

  80 |   50 |           3.7117e+05 |           4.7651e+05 |     0.2154 |      7.1

  81 |   50 |           3.7093e+05 |           4.7645e+05 |     0.2153 |      8.3

  82 |   50 |           3.7069e+05 |           4.7639e+05 |     0.2153 |      7.0

  83 |   50 |           3.7046e+05 |           4.7634e+05 |     0.2152 |      7.0

  84 |   50 |           3.7023e+05 |           4.7629e+05 |     0.2151 |      7.0

  85 |   50 |           3.7001e+05 |           4.7623e+05 |     0.2151 |      6.9

  86 |   50 |           3.6979e+05 |           4.7618e+05 |     0.2150 |      7.0

  87 |   50 |           3.6958e+05 |           4.7614e+05 |     0.2149 |      6.9

  88 |   50 |           3.6937e+05 |           4.7609e+05 |     0.2149 |      7.2

  89 |   50 |           3.6917e+05 |           4.7604e+05 |     0.2148 |      7.0

  90 |   50 |           3.6898e+05 |           4.7600e+05 |     0.2148 |      7.0

  91 |   50 |           3.6878e+05 |           4.7595e+05 |     0.2147 |      6.9

  92 |   50 |           3.6859e+05 |           4.7591e+05 |     0.2146 |      7.0

  93 |   50 |           3.6841e+05 |           4.7587e+05 |     0.2146 |      7.0

  94 |   50 |           3.6823e+05 |           4.7583e+05 |     0.2145 |      7.0

  95 |   50 |           3.6805e+05 |           4.7579e+05 |     0.2145 |      7.0

  96 |   50 |           3.6788e+05 |           4.7575e+05 |     0.2144 |      7.0

  97 |   50 |           3.6771e+05 |           4.7571e+05 |     0.2144 |      7.0

  98 |   50 |           3.6755e+05 |           4.7567e+05 |     0.2143 |      7.1

  99 |   50 |           3.6738e+05 |           4.7564e+05 |     0.2143 |      7.0

 100 |   50 |           3.6723e+05 |           4.7560e+05 |     0.2142 |      6.9

100%|██████████| 100/100 [11:54<00:00,  7.02s/it]
                                                 --------------------------------------------------------------------------------
 达到最大迭代次数 100，未完全收敛

 Fold 3 结果:
  RMSE: 0.8417
  秩: 50
  迭代次数: 100
  训练时间: 715.0s
  总时间: 716.4s
Fold 进度:  60%|██████    | 3/5 [37:31<24:41, 740.62s/it]

 Fold 4/5:
  训练集: 16,000,211 样本
  验证集: 4,000,052 样本
 Soft-Impute 训练 | λ = 10.0000 | 最大秩 = 50 | 容差 = 0.0001
--------------------------------------------------------------------------------
  迭代 |    秩 |      拟合损失 (Fit Loss) |      目标函数 (Obj Func) |     训练RMSE |   耗时 (s)
--------------------------------------------------------------------------------
   1 |   50 |           6.0909e+05 |           6.2597e+05 |     0.2759 |      6.4

   2 |   50 |           5.4513e+05 |           5.7038e+05 |     0.2610 |      7.6

   3 |   50 |           5.1916e+05 |           5.5059e+05 |     0.2547 |      7.0

   4 |   50 |           5.0199e+05 |           5.3847e+05 |     0.2505 |      6.9

   5 |   50 |           4.8908e+05 |           5.2988e+05 |     0.2473 |      7.0

   6 |   50 |           4.7874e+05 |           5.2333e+05 |     0.2446 |      7.1

   7 |   50 |           4.7014e+05 |           5.1813e+05 |     0.2424 |      7.1

   8 |   50 |           4.6283e+05 |           5.1387e+05 |     0.2405 |      7.0

   9 |   50 |           4.5647e+05 |           5.1031e+05 |     0.2389 |      7.0

  10 |   50 |           4.5088e+05 |           5.0728e+05 |     0.2374 |      7.0

  11 |   50 |           4.4591e+05 |           5.0467e+05 |     0.2361 |      7.0

  12 |   50 |           4.4144e+05 |           5.0240e+05 |     0.2349 |      7.2

  13 |   50 |           4.3740e+05 |           5.0040e+05 |     0.2338 |      7.0

  14 |   50 |           4.3372e+05 |           4.9863e+05 |     0.2328 |      8.0

  15 |   50 |           4.3035e+05 |           4.9705e+05 |     0.2319 |      6.9

  16 |   50 |           4.2725e+05 |           4.9563e+05 |     0.2311 |      6.9

  17 |   50 |           4.2438e+05 |           4.9436e+05 |     0.2303 |      7.0

  18 |   50 |           4.2172e+05 |           4.9320e+05 |     0.2296 |      6.9

  19 |   50 |           4.1924e+05 |           4.9214e+05 |     0.2289 |      7.4

  20 |   50 |           4.1693e+05 |           4.9118e+05 |     0.2283 |      6.9

  21 |   50 |           4.1476e+05 |           4.9030e+05 |     0.2277 |      6.9

  22 |   50 |           4.1273e+05 |           4.8948e+05 |     0.2271 |      6.9

  23 |   50 |           4.1081e+05 |           4.8873e+05 |     0.2266 |      7.1

  24 |   50 |           4.0901e+05 |           4.8804e+05 |     0.2261 |      7.0

  25 |   50 |           4.0731e+05 |           4.8739e+05 |     0.2256 |      7.0

  26 |   50 |           4.0570e+05 |           4.8679e+05 |     0.2252 |      7.2

  27 |   50 |           4.0417e+05 |           4.8624e+05 |     0.2248 |      7.0

  28 |   50 |           4.0272e+05 |           4.8571e+05 |     0.2244 |      7.1

  29 |   50 |           4.0134e+05 |           4.8523e+05 |     0.2240 |      7.0

  30 |   50 |           4.0003e+05 |           4.8477e+05 |     0.2236 |      6.9

  31 |   50 |           3.9878e+05 |           4.8434e+05 |     0.2233 |      6.9

  32 |   50 |           3.9758e+05 |           4.8394e+05 |     0.2229 |      7.1

  33 |   50 |           3.9644e+05 |           4.8355e+05 |     0.2226 |      6.9

  34 |   50 |           3.9535e+05 |           4.8320e+05 |     0.2223 |      7.0

  35 |   50 |           3.9431e+05 |           4.8286e+05 |     0.2220 |      7.3

  36 |   50 |           3.9331e+05 |           4.8254e+05 |     0.2217 |      7.0

  37 |   50 |           3.9235e+05 |           4.8223e+05 |     0.2215 |      7.0

  38 |   50 |           3.9143e+05 |           4.8195e+05 |     0.2212 |      7.0

  39 |   50 |           3.9055e+05 |           4.8167e+05 |     0.2209 |      6.9

  40 |   50 |           3.8970e+05 |           4.8141e+05 |     0.2207 |      7.0

  41 |   50 |           3.8889e+05 |           4.8117e+05 |     0.2205 |      6.9

  42 |   50 |           3.8810e+05 |           4.8093e+05 |     0.2203 |      7.7

  43 |   50 |           3.8735e+05 |           4.8071e+05 |     0.2200 |      6.6

  44 |   50 |           3.8662e+05 |           4.8050e+05 |     0.2198 |      6.6

  45 |   50 |           3.8592e+05 |           4.8029e+05 |     0.2196 |      6.7

  46 |   50 |           3.8524e+05 |           4.8010e+05 |     0.2194 |      6.9

  47 |   50 |           3.8459e+05 |           4.7991e+05 |     0.2193 |      6.9

  48 |   50 |           3.8396e+05 |           4.7973e+05 |     0.2191 |      6.9

  49 |   50 |           3.8335e+05 |           4.7956e+05 |     0.2189 |      6.9

  50 |   50 |           3.8276e+05 |           4.7940e+05 |     0.2187 |      7.2

  51 |   50 |           3.8219e+05 |           4.7924e+05 |     0.2186 |      6.9

  52 |   50 |           3.8164e+05 |           4.7909e+05 |     0.2184 |      7.0

  53 |   50 |           3.8110e+05 |           4.7895e+05 |     0.2183 |      7.0

  54 |   50 |           3.8059e+05 |           4.7881e+05 |     0.2181 |      6.9

  55 |   50 |           3.8009e+05 |           4.7868e+05 |     0.2180 |      6.8

  56 |   50 |           3.7960e+05 |           4.7855e+05 |     0.2178 |      6.9

  57 |   50 |           3.7913e+05 |           4.7843e+05 |     0.2177 |      7.0

  58 |   50 |           3.7868e+05 |           4.7831e+05 |     0.2176 |      7.0

  59 |   50 |           3.7823e+05 |           4.7819e+05 |     0.2174 |      6.9

  60 |   50 |           3.7781e+05 |           4.7808e+05 |     0.2173 |      6.9

  61 |   50 |           3.7739e+05 |           4.7798e+05 |     0.2172 |      6.9

  62 |   50 |           3.7699e+05 |           4.7788e+05 |     0.2171 |      7.0

  63 |   50 |           3.7659e+05 |           4.7778e+05 |     0.2170 |      6.9

  64 |   50 |           3.7621e+05 |           4.7768e+05 |     0.2169 |      6.9

  65 |   50 |           3.7584e+05 |           4.7759e+05 |     0.2167 |      7.0

  66 |   50 |           3.7548e+05 |           4.7750e+05 |     0.2166 |      6.9

  67 |   50 |           3.7513e+05 |           4.7741e+05 |     0.2165 |      6.9

  68 |   50 |           3.7479e+05 |           4.7733e+05 |     0.2164 |      6.9

  69 |   50 |           3.7446e+05 |           4.7725e+05 |     0.2163 |      6.9

  70 |   50 |           3.7414e+05 |           4.7717e+05 |     0.2163 |      9.1

  71 |   50 |           3.7382e+05 |           4.7709e+05 |     0.2162 |      8.6

  72 |   50 |           3.7352e+05 |           4.7702e+05 |     0.2161 |      7.9

  73 |   50 |           3.7322e+05 |           4.7695e+05 |     0.2160 |      6.6

  74 |   50 |           3.7293e+05 |           4.7688e+05 |     0.2159 |      6.7

  75 |   50 |           3.7264e+05 |           4.7681e+05 |     0.2158 |      7.0

  76 |   50 |           3.7237e+05 |           4.7674e+05 |     0.2157 |      6.9

  77 |   50 |           3.7210e+05 |           4.7668e+05 |     0.2157 |      8.4

  78 |   50 |           3.7184e+05 |           4.7662e+05 |     0.2156 |      6.9

  79 |   50 |           3.7158e+05 |           4.7656e+05 |     0.2155 |      7.0

  80 |   50 |           3.7133e+05 |           4.7650e+05 |     0.2154 |      6.9

  81 |   50 |           3.7109e+05 |           4.7644e+05 |     0.2154 |      6.9

  82 |   50 |           3.7085e+05 |           4.7639e+05 |     0.2153 |      7.1

  83 |   50 |           3.7062e+05 |           4.7634e+05 |     0.2152 |      7.0

  84 |   50 |           3.7039e+05 |           4.7628e+05 |     0.2152 |      7.0

  85 |   50 |           3.7017e+05 |           4.7623e+05 |     0.2151 |      7.0

  86 |   50 |           3.6996e+05 |           4.7618e+05 |     0.2150 |      6.9

  87 |   50 |           3.6975e+05 |           4.7613e+05 |     0.2150 |      7.0

  88 |   50 |           3.6954e+05 |           4.7609e+05 |     0.2149 |      6.9

  89 |   50 |           3.6934e+05 |           4.7604e+05 |     0.2149 |      6.9

  90 |   50 |           3.6914e+05 |           4.7600e+05 |     0.2148 |      7.0

  91 |   50 |           3.6895e+05 |           4.7595e+05 |     0.2148 |      7.1

  92 |   50 |           3.6876e+05 |           4.7591e+05 |     0.2147 |      7.0

  93 |   50 |           3.6858e+05 |           4.7587e+05 |     0.2146 |      7.0

  94 |   50 |           3.6840e+05 |           4.7583e+05 |     0.2146 |      7.1

  95 |   50 |           3.6822e+05 |           4.7579e+05 |     0.2145 |      7.6

  96 |   50 |           3.6805e+05 |           4.7575e+05 |     0.2145 |      7.1

  97 |   50 |           3.6788e+05 |           4.7571e+05 |     0.2144 |      6.9

  98 |   50 |           3.6772e+05 |           4.7568e+05 |     0.2144 |      7.5

  99 |   50 |           3.6756e+05 |           4.7564e+05 |     0.2143 |      7.3

 100 |   50 |           3.6740e+05 |           4.7560e+05 |     0.2143 |      7.1

100%|██████████| 100/100 [11:51<00:00,  7.28s/it]
                                                 --------------------------------------------------------------------------------
 达到最大迭代次数 100，未完全收敛

 Fold 4 结果:
  RMSE: 0.8423
  秩: 50
  迭代次数: 100
  训练时间: 711.2s
  总时间: 712.7s
Fold 进度:  80%|████████  | 4/5 [49:24<12:09, 729.89s/it]
  0%|          | 0/100 [00:00<?, ?it/s]
 Fold 5/5:
  训练集: 16,000,211 样本
  验证集: 4,000,052 样本
 Soft-Impute 训练 | λ = 10.0000 | 最大秩 = 50 | 容差 = 0.0001
--------------------------------------------------------------------------------
  迭代 |    秩 |      拟合损失 (Fit Loss) |      目标函数 (Obj Func) |     训练RMSE |   耗时 (s)
--------------------------------------------------------------------------------
   1 |   50 |           6.0883e+05 |           6.2572e+05 |     0.2759 |      5.8

   2 |   50 |           5.4479e+05 |           5.7006e+05 |     0.2610 |      8.6

   3 |   50 |           5.1878e+05 |           5.5024e+05 |     0.2547 |      7.1

   4 |   50 |           5.0157e+05 |           5.3809e+05 |     0.2504 |      7.1

   5 |   50 |           4.8862e+05 |           5.2947e+05 |     0.2471 |      6.9

   6 |   50 |           4.7825e+05 |           5.2290e+05 |     0.2445 |      6.9

   7 |   50 |           4.6964e+05 |           5.1768e+05 |     0.2423 |      7.0

   8 |   50 |           4.6230e+05 |           5.1341e+05 |     0.2404 |      6.9

   9 |   50 |           4.5593e+05 |           5.0984e+05 |     0.2387 |      6.9

  10 |   50 |           4.5033e+05 |           5.0680e+05 |     0.2373 |      6.9

  11 |   50 |           4.4534e+05 |           5.0418e+05 |     0.2359 |      6.9

  12 |   50 |           4.4087e+05 |           5.0190e+05 |     0.2347 |      7.0

  13 |   50 |           4.3681e+05 |           4.9990e+05 |     0.2337 |      6.9

  14 |   50 |           4.3313e+05 |           4.9813e+05 |     0.2327 |      6.9

  15 |   50 |           4.2975e+05 |           4.9655e+05 |     0.2318 |      6.9

  16 |   50 |           4.2664e+05 |           4.9513e+05 |     0.2309 |      7.0

  17 |   50 |           4.2377e+05 |           4.9385e+05 |     0.2302 |      6.8

  18 |   50 |           4.2110e+05 |           4.9268e+05 |     0.2294 |      7.5

  19 |   50 |           4.1862e+05 |           4.9163e+05 |     0.2288 |      7.0

  20 |   50 |           4.1631e+05 |           4.9066e+05 |     0.2281 |      7.1

  21 |   50 |           4.1414e+05 |           4.8978e+05 |     0.2275 |      6.9

  22 |   50 |           4.1211e+05 |           4.8896e+05 |     0.2270 |      6.9

  23 |   50 |           4.1019e+05 |           4.8821e+05 |     0.2264 |      7.0

  24 |   50 |           4.0839e+05 |           4.8752e+05 |     0.2259 |      7.0

  25 |   50 |           4.0669e+05 |           4.8687e+05 |     0.2255 |      7.7

  26 |   50 |           4.0507e+05 |           4.8627e+05 |     0.2250 |      6.9

  27 |   50 |           4.0355e+05 |           4.8571e+05 |     0.2246 |      6.9

  28 |   50 |           4.0210e+05 |           4.8519e+05 |     0.2242 |      6.9

  29 |   50 |           4.0072e+05 |           4.8470e+05 |     0.2238 |      7.0

  30 |   50 |           3.9941e+05 |           4.8425e+05 |     0.2234 |      6.9

  31 |   50 |           3.9816e+05 |           4.8382e+05 |     0.2231 |      6.8

  32 |   50 |           3.9696e+05 |           4.8341e+05 |     0.2228 |      6.9

  33 |   50 |           3.9583e+05 |           4.8303e+05 |     0.2224 |      7.0

  34 |   50 |           3.9474e+05 |           4.8268e+05 |     0.2221 |      6.9

  35 |   50 |           3.9370e+05 |           4.8234e+05 |     0.2218 |      6.9

  36 |   50 |           3.9270e+05 |           4.8202e+05 |     0.2216 |      6.9

  37 |   50 |           3.9174e+05 |           4.8171e+05 |     0.2213 |      7.1

  38 |   50 |           3.9082e+05 |           4.8143e+05 |     0.2210 |      7.0

  39 |   50 |           3.8994e+05 |           4.8115e+05 |     0.2208 |      7.0

  40 |   50 |           3.8910e+05 |           4.8090e+05 |     0.2205 |      6.9

  41 |   50 |           3.8828e+05 |           4.8065e+05 |     0.2203 |      7.0

  42 |   50 |           3.8750e+05 |           4.8042e+05 |     0.2201 |      7.3

  43 |   50 |           3.8674e+05 |           4.8019e+05 |     0.2199 |      7.0

  44 |   50 |           3.8602e+05 |           4.7998e+05 |     0.2197 |      7.0

  45 |   50 |           3.8532e+05 |           4.7978e+05 |     0.2195 |      6.9

  46 |   50 |           3.8464e+05 |           4.7958e+05 |     0.2193 |      7.0

  47 |   50 |           3.8399e+05 |           4.7940e+05 |     0.2191 |      6.9

  48 |   50 |           3.8336e+05 |           4.7922e+05 |     0.2189 |      6.9

  49 |   50 |           3.8275e+05 |           4.7905e+05 |     0.2187 |      7.0

  50 |   50 |           3.8217e+05 |           4.7889e+05 |     0.2186 |      7.1

  51 |   50 |           3.8160e+05 |           4.7873e+05 |     0.2184 |      7.1

  52 |   50 |           3.8105e+05 |           4.7858e+05 |     0.2182 |      7.1

  53 |   50 |           3.8052e+05 |           4.7844e+05 |     0.2181 |      7.0

  54 |   50 |           3.8000e+05 |           4.7830e+05 |     0.2179 |      7.6

  55 |   50 |           3.7950e+05 |           4.7817e+05 |     0.2178 |      8.3

  56 |   50 |           3.7902e+05 |           4.7804e+05 |     0.2177 |      6.5

  57 |   50 |           3.7855e+05 |           4.7791e+05 |     0.2175 |      6.6

  58 |   50 |           3.7810e+05 |           4.7780e+05 |     0.2174 |      6.9

  59 |   50 |           3.7766e+05 |           4.7768e+05 |     0.2173 |      6.8

  60 |   50 |           3.7723e+05 |           4.7757e+05 |     0.2171 |      6.9

  61 |   50 |           3.7682e+05 |           4.7747e+05 |     0.2170 |      6.9

  62 |   50 |           3.7641e+05 |           4.7736e+05 |     0.2169 |      6.9

  63 |   50 |           3.7602e+05 |           4.7726e+05 |     0.2168 |      6.9

  64 |   50 |           3.7564e+05 |           4.7717e+05 |     0.2167 |      6.9

  65 |   50 |           3.7527e+05 |           4.7708e+05 |     0.2166 |      6.9

  66 |   50 |           3.7491e+05 |           4.7699e+05 |     0.2165 |      6.8

  67 |   50 |           3.7457e+05 |           4.7690e+05 |     0.2164 |      7.1

  68 |   50 |           3.7423e+05 |           4.7682e+05 |     0.2163 |      7.6

  69 |   50 |           3.7390e+05 |           4.7674e+05 |     0.2162 |      6.9

  70 |   50 |           3.7357e+05 |           4.7666e+05 |     0.2161 |      6.9

  71 |   50 |           3.7326e+05 |           4.7658e+05 |     0.2160 |      7.0

  72 |   50 |           3.7296e+05 |           4.7651e+05 |     0.2159 |      6.9

  73 |   50 |           3.7266e+05 |           4.7644e+05 |     0.2158 |      6.9

  74 |   50 |           3.7237e+05 |           4.7637e+05 |     0.2157 |      7.0

  75 |   50 |           3.7209e+05 |           4.7630e+05 |     0.2157 |      7.3

  76 |   50 |           3.7181e+05 |           4.7623e+05 |     0.2156 |      7.2

  77 |   50 |           3.7155e+05 |           4.7617e+05 |     0.2155 |      6.9

  78 |   50 |           3.7129e+05 |           4.7611e+05 |     0.2154 |      6.9

  79 |   50 |           3.7103e+05 |           4.7605e+05 |     0.2154 |      6.9

  80 |   50 |           3.7078e+05 |           4.7599e+05 |     0.2153 |      7.0

  81 |   50 |           3.7054e+05 |           4.7593e+05 |     0.2152 |      7.1

  82 |   50 |           3.7030e+05 |           4.7588e+05 |     0.2151 |      6.9

  83 |   50 |           3.7007e+05 |           4.7583e+05 |     0.2151 |      6.9

  84 |   50 |           3.6985e+05 |           4.7577e+05 |     0.2150 |      7.0

  85 |   50 |           3.6963e+05 |           4.7572e+05 |     0.2149 |      6.8

  86 |   50 |           3.6941e+05 |           4.7567e+05 |     0.2149 |      6.9

  87 |   50 |           3.6920e+05 |           4.7563e+05 |     0.2148 |      7.0

  88 |   50 |           3.6900e+05 |           4.7558e+05 |     0.2148 |      7.8

  89 |   50 |           3.6880e+05 |           4.7553e+05 |     0.2147 |      7.0

  90 |   50 |           3.6860e+05 |           4.7549e+05 |     0.2147 |      7.0

  91 |   50 |           3.6841e+05 |           4.7544e+05 |     0.2146 |      6.9

  92 |   50 |           3.6822e+05 |           4.7540e+05 |     0.2145 |      7.1

  93 |   50 |           3.6804e+05 |           4.7536e+05 |     0.2145 |      6.9

  94 |   50 |           3.6786e+05 |           4.7532e+05 |     0.2144 |      6.9

  95 |   50 |           3.6769e+05 |           4.7528e+05 |     0.2144 |      6.8

  96 |   50 |           3.6752e+05 |           4.7524e+05 |     0.2143 |      6.9

  97 |   50 |           3.6735e+05 |           4.7520e+05 |     0.2143 |      7.9

  98 |   50 |           3.6718e+05 |           4.7517e+05 |     0.2142 |      7.0

  99 |   50 |           3.6702e+05 |           4.7513e+05 |     0.2142 |      6.9

 100 |   50 |           3.6687e+05 |           4.7510e+05 |     0.2141 |      6.9

100%|██████████| 100/100 [11:46<00:00,  7.09s/it]
                                                 --------------------------------------------------------------------------------
 达到最大迭代次数 100，未完全收敛

 Fold 5 结果:
  RMSE: 0.8427
  秩: 50
  迭代次数: 100
  训练时间: 706.3s
  总时间: 707.9s
                                                           
 λ=10.0 汇总:
  平均 RMSE: 0.8423
  RMSE 标准差: 0.0003
  RMSE 中位数: 0.8423

============================================================
交叉验证结果汇总
============================================================
       λ |     平均RMSE |      标准差 |      中位数 |      推荐度
------------------------------------------------------------
   100.0 |     0.8704 |   0.0004 |   0.8705 |    ★★★★★
    50.0 |     0.8660 |   0.0004 |   0.8661 |    ★★★★★
    10.0 |     0.8423 |   0.0003 |   0.8423 |    ★★★★★
------------------------------------------------------------

最佳 λ = 10.0
平均 RMSE = 0.8423 ± 0.0003

进程已结束，退出代码为 0
